0,513
0,512
0,511
0,510
0,509
0,508
0,507
0,506
0,505
0,504
0,503
0,502
51,3
51,2
0,501
51,1
51,0
0,500
0,499
0,498
0,497
50,4
50,3
50,2
50,1
50,0
49,4
49,3
49,2
49,1
49,0
0,496
48,4
48,3
48,2
48,1
48,0
47,4
47,3
47,2
47,1
47,0
0,495
0,494
0,493
29,5
0,492
0,491
46,5
0,490
0,489
46,4
46,3
46,2
46,1
46,0
0,488
0,487
0,486
0,485
0,484
0,483
0,482
45,4
45,3
45,2
45,1
45,0
0,481
0,480
44,4
44,3
44,2
44,1
44,0
0,479
43,5
43,4
43,3
43,2
43,1
43,0
42,4
42,3
42,2
42,1
42,0
41,3
41,2
41,1
41,0
0,478
40,5
40,4
40,3
40,2
40,1
40,0
0,477
0,476
0,475
0,474
39,4
39,3
39,2
39,1
39,0
0,473
0,472
33,4
0,471
0,470
0,469
0,468
0,467
0,466
0,465
0,464
0,463
0,462
0,461
0,460
0,459
0,458
0,457
0,456
0,455
38,5
38,4
38,3
38,2
0,454
38,1
38,0
0,453
0,452
0,451
0,450
